1	0	0	3840	3840	
9	0	1920	1920	1920	
10	1920	1920	1920	1920	
11	0	0	1920	1920	
89	0	960	960	960	
90	960	960	960	960	
91	0	0	960	960	
729	0	480	480	480	
730	480	480	480	480	
731	0	0	480	480	0	29	30	31	32	33	52	53	54	
732	480	0	480	480	0	34	35	36	37	54	55	
92	960	0	960	960	
737	960	480	480	480	
738	1440	480	480	480	
739	960	0	480	480	0	1	23	24	28	38	39	40	56	
740	1440	0	480	480	0	1	2	3	18	19	20	21	22	25	26	27	41	42	44	57	58	
12	1920	0	1920	1920	
97	1920	960	960	960	
98	2880	960	960	960	
99	1920	0	960	960	
793	1920	480	480	480	
794	2400	480	480	480	
795	1920	0	480	480	0	3	16	43	45	46	47	58	59	
796	2400	0	480	480	0	4	10	11	12	13	14	15	17	48	49	59	60	61	
100	2880	0	960	960	
801	2880	480	480	480	
802	3360	480	480	480	
803	2880	0	480	480	0	4	5	6	7	8	9	50	51	
804	3360	0	480	480	5	6	