0 702 1538 21 32 3072
1 702 3074 120 160 32
2 702 1424 149 32 96
3 702 1666 212 32 320
4 702 1955 149 32 192
5 702 3056 212 32 544
6 702 3377 149 32 96
7 704 1265 54 32 32
8 704 1459 182 32 32
9 703 1378 180 32 32
10 703 1506 244 32 32
11 703 1826 243 32 32
12 704 1874 182 32 32
13 704 2610 53 32 32
14 703 2786 244 32 32
15 202 1776 246 31 63
16 202 1425 182 31 63
17 202 1950 182 31 63
18 201 3029 70 63 31
19 201 26 70 63 31
20 605 52 84 31 31
21 605 180 148 31 31
22 605 307 86 31 31
23 605 562 83 31 31
24 605 433 148 31 31
25 605 692 150 31 31
26 605 818 83 31 31
27 605 944 150 31 31
28 605 1074 86 31 31
29 605 1369 278 31 31
30 605 1203 151 31 31
31 605 1481 85 31 31
32 605 1717 280 31 31
33 605 1844 85 31 31
34 605 2127 87 31 31
35 605 1984 276 31 31
36 605 2253 90 31 31
37 605 2382 90 31 31
38 605 2511 88 31 31
39 605 2657 99 31 31
40 605 2747 155 31 31
41 605 2866 280 31 31
42 605 3021 328 31 31