1	0	0	2880	2880	
9	0	1440	1440	1440	
10	1440	1440	1440	1440	
11	0	0	1440	1440	
89	0	720	720	720	
90	720	720	720	720	
91	0	0	720	720	
729	0	360	360	360	
730	360	360	360	360	
731	0	0	360	360	
732	360	0	360	360	0	1	7	14	15	17	18	28	45	
92	720	0	720	720	
737	720	360	360	360	
738	1080	360	360	360	
739	720	0	360	360	2	3	4	8	15	16	18	19	29	36	37	42	
740	1080	0	360	360	5	6	9	10	19	20	21	26	30	31	35	41	43	44	49	50	
12	1440	0	1440	1440	
97	1440	720	720	720	
98	2160	720	720	720	
99	1440	0	720	720	
793	1440	360	360	360	
794	1800	360	360	360	
795	1440	0	360	360	11	12	22	23	24	26	27	34	38	40	41	46	47	48	
796	1800	0	360	360	13	25	26	27	32	33	39	
100	2160	0	720	720	

